			Presto	Spark					
		Q1	276.9076667	132.372	48				
		Q2	131.8663333	1813.689	1375				
		Q3	30.58366667	93.192	305				
		Q4	340.6126667	2131.095	626				
		Q5	350.04	1846.587	528				
		Q6	334.2923333	1833.472	548				
		Q7	98.109	1390.991	1418				
		Q8	18.956	79.326	418				
		Q10	784.012	2703.428	345				
									
									
									
									
									
									
Presto	276.9076667	131.8663333	30.58366667	340.6126667	350.04	334.2923333	98.109	18.956	784.012
Spark	132.372	1813.689	93.192	2131.095	1846.587	1833.472	1390.991	79.326	2703.428
	48	1375	305	626	528	548	1418	418	345
